239.3333282470703
481.3333435058594
716.3333129882812
713.6666870117188
705.3333129882812
708.0
705.6666870117188
706.3333129882812
702.0
702.0
704.3333129882812
706.0
709.6666870117188
706.3333129882812
713.6666870117188
714.3333129882812
719.6666870117188
710.3333129882812
692.6666870117188
687.0
701.6666870117188
728.0
748.3333129882812
751.0
755.0
750.6666870117188
745.3333129882812
737.3333129882812
725.6666870117188
712.6666870117188
706.6666870117188
701.3333129882812
708.0
707.0
714.0
709.0
710.3333129882812
707.6666870117188
709.6666870117188
710.0
708.0
707.3333129882812
712.3333129882812
711.3333129882812
716.0
707.6666870117188
718.6666870117188
715.3333129882812
713.0
711.0
718.6666870117188
731.3333129882812
725.0
719.0
714.0
711.0
713.6666870117188
719.0
727.0
720.6666870117188
716.0
713.0
716.0
708.6666870117188
708.3333129882812
713.6666870117188
724.0
720.6666870117188
716.3333129882812
709.6666870117188
717.3333129882812
714.6666870117188
719.0
716.0
717.3333129882812
711.0
709.6666870117188
707.0
711.3333129882812
709.0
711.3333129882812
710.6666870117188
712.0
719.3333129882812
717.3333129882812
716.3333129882812
712.3333129882812
717.3333129882812
727.0
721.0
718.0
714.0
712.0
717.3333129882812
716.6666870117188
723.3333129882812
713.0
709.0
706.3333129882812
703.6666870117188
708.0
708.0
712.3333129882812
705.3333129882812
703.3333129882812
701.0
704.0
708.6666870117188
716.6666870117188
713.3333129882812
712.6666870117188
717.0
718.6666870117188
718.0
714.3333129882812
727.3333129882812
733.0
736.3333129882812
727.0
719.3333129882812
714.3333129882812
711.0
718.3333129882812
716.3333129882812
719.0
716.3333129882812
715.0
718.3333129882812
717.3333129882812
719.0
711.0
710.0
707.3333129882812
711.3333129882812
711.6666870117188
715.6666870117188
722.3333129882812
727.0
735.3333129882812
734.3333129882812
740.3333129882812
735.6666870117188
738.0
723.6666870117188
718.3333129882812
703.3333129882812
702.0
697.3333129882812
705.3333129882812
704.6666870117188
708.3333129882812
702.0
711.0
708.0
709.6666870117188
708.3333129882812
715.0
718.0
719.3333129882812
721.3333129882812
726.6666870117188
722.3333129882812
719.6666870117188
717.6666870117188
721.6666870117188
715.0
709.0
704.6666870117188
705.6666870117188
709.3333129882812
707.6666870117188
714.3333129882812
714.0
721.3333129882812
726.0
721.6666870117188
722.3333129882812
714.6666870117188
729.3333129882812
719.3333129882812
724.6666870117188
722.3333129882812
726.6666870117188
725.0
715.6666870117188
717.3333129882812
711.6666870117188
712.6666870117188
710.0
707.6666870117188
701.3333129882812
697.6666870117188
692.6666870117188
695.3333129882812
691.3333129882812
697.3333129882812
695.6666870117188
706.6666870117188
715.3333129882812
719.3333129882812
718.6666870117188
708.3333129882812
709.6666870117188
704.3333129882812
708.6666870117188
710.3333129882812
718.3333129882812
724.6666870117188
728.0
731.6666870117188
730.0
734.3333129882812
730.0
731.6666870117188
721.3333129882812
719.0
709.6666870117188
710.0
706.3333129882812
707.0
707.0
707.3333129882812
713.6666870117188
715.3333129882812
724.0
721.3333129882812
724.0
713.6666870117188
712.3333129882812
705.3333129882812
707.0
705.0
705.6666870117188
710.0
713.3333129882812
723.0
722.3333129882812
728.0
721.0
719.3333129882812
712.0
713.0
713.3333129882812
717.0
718.6666870117188
715.6666870117188
715.0
711.3333129882812
715.6666870117188
716.0
718.3333129882812
720.3333129882812
713.3333129882812
712.0
703.6666870117188
706.6666870117188
704.3333129882812
708.0
711.3333129882812
715.0
709.6666870117188
709.3333129882812
705.3333129882812
709.6666870117188
702.3333129882812
707.6666870117188
712.0
719.6666870117188
714.3333129882812
710.3333129882812
714.6666870117188
716.0
714.3333129882812
712.6666870117188
713.6666870117188
717.0
708.0
705.0
706.6666870117188
710.6666870117188
712.0
711.3333129882812
708.3333129882812
706.6666870117188
701.6666870117188
702.6666870117188
707.0
707.3333129882812
705.3333129882812
709.0
706.6666870117188
706.6666870117188
703.0
714.0
715.3333129882812
714.3333129882812
710.3333129882812
712.6666870117188
712.6666870117188
713.0
714.3333129882812
709.0
707.0
710.0
726.3333129882812
733.3333129882812
730.3333129882812
714.3333129882812
713.3333129882812
723.3333129882812
734.0
723.6666870117188
712.0
713.0
724.0
731.6666870117188
727.0
726.3333129882812
721.3333129882812
717.6666870117188
709.0
708.3333129882812
714.0
717.0
718.6666870117188
712.0
709.6666870117188
706.0
